image: map3D_bag2.pgm
resolution: 0.100000
origin: [-9.063769, -6.307700, 0.000000]
negate: 0
occupied_thresh: 0.65
free_thresh: 0.196

